featureID,feature,animal,Freq.0,Freq.1,Freq.2
1,small,ant,0.111111111111111,0.0555555555555556,0.833333333333333
1,small,beaver,0.0555555555555556,0.277777777777778,0.666666666666667
1,small,bee,0.0555555555555556,0.0555555555555556,0.888888888888889
1,small,bird,0.111111111111111,0.0555555555555556,0.833333333333333
1,small,cat,0.0555555555555556,0.166666666666667,0.777777777777778
1,small,cheetah,0.277777777777778,0.555555555555556,0.166666666666667
1,small,cow,0.555555555555556,0.388888888888889,0.0555555555555556
1,small,deer,0.166666666666667,0.611111111111111,0.222222222222222
1,small,dog,0.0555555555555556,0.5,0.444444444444444
1,small,dolphin,0.277777777777778,0.611111111111111,0.111111111111111
1,small,donkey,0.166666666666667,0.666666666666667,0.166666666666667
1,small,hippo,0.833333333333333,0.111111111111111,0.0555555555555556
1,small,hyena,0.222222222222222,0.611111111111111,0.166666666666667
1,small,jaguar,0.277777777777778,0.611111111111111,0.111111111111111
1,small,lion,0.388888888888889,0.5,0.111111111111111
1,small,man,0.222222222222222,0.611111111111111,0.166666666666667
1,small,monkey,0.0555555555555556,0.666666666666667,0.277777777777778
1,small,mouse,0.0555555555555556,0.0555555555555556,0.888888888888889
1,small,mule,0.277777777777778,0.5,0.222222222222222
1,small,pig,0.222222222222222,0.388888888888889,0.388888888888889
1,small,turtle,0.111111111111111,0.222222222222222,0.666666666666667
10,tall,giraffe,0.0434782608695652,0.130434782608696,0.826086956521739
10,tall,horse,0.217391304347826,0.347826086956522,0.434782608695652
10,tall,man,0.304347826086957,0.608695652173913,0.0869565217391304
10,tall,sloth,0.826086956521739,0.130434782608696,0.0434782608695652
10,tall,snake,0.91304347826087,0.0434782608695652,0.0434782608695652
11,long,cat,0.823529411764706,0.117647058823529,0.0588235294117647
11,long,cheetah,0.352941176470588,0.588235294117647,0.0588235294117647
11,long,cougar,0.411764705882353,0.470588235294118,0.117647058823529
11,long,dolphin,0.352941176470588,0.588235294117647,0.0588235294117647
11,long,eel,0.411764705882353,0.294117647058824,0.294117647058824
11,long,fish,0.823529411764706,0.117647058823529,0.0588235294117647
11,long,giraffe,0.0588235294117647,0.294117647058824,0.647058823529412
11,long,horse,0.470588235294118,0.352941176470588,0.176470588235294
11,long,jaguar,0.294117647058824,0.588235294117647,0.117647058823529
11,long,man,0.470588235294118,0.411764705882353,0.117647058823529
11,long,sloth,0.705882352941177,0.235294117647059,0.0588235294117647
11,long,snake,0.176470588235294,0.411764705882353,0.411764705882353
12,agile,ant,0.625,0.25,0.125
12,agile,bear,0.625,0.25,0.125
12,agile,beaver,0.625,0.25,0.125
12,agile,bee,0.25,0.375,0.375
12,agile,bird,0.1875,0.5,0.3125
12,agile,cat,0.1875,0.4375,0.375
12,agile,cheetah,0.0625,0.3125,0.625
12,agile,cougar,0.0625,0.3125,0.625
12,agile,cow,0.8125,0.125,0.0625
12,agile,deer,0.1875,0.4375,0.375
12,agile,dog,0.125,0.625,0.25
12,agile,dolphin,0.125,0.4375,0.4375
12,agile,donkey,0.5625,0.3125,0.125
12,agile,eel,0.25,0.375,0.375
12,agile,elephant,0.8125,0.125,0.0625
12,agile,fish,0.25,0.4375,0.3125
12,agile,gorilla,0.3125,0.4375,0.25
12,agile,hippo,0.75,0.1875,0.0625
12,agile,horse,0.25,0.625,0.125
12,agile,jaguar,0.1875,0.1875,0.625
12,agile,kitten,0.375,0.25,0.375
12,agile,man,0.1875,0.5625,0.25
12,agile,monkey,0.0625,0.5625,0.375
12,agile,mouse,0.1875,0.625,0.1875
12,agile,mule,0.5625,0.375,0.0625
12,agile,pig,0.75,0.1875,0.0625
12,agile,rabbit,0.125,0.5,0.375
12,agile,snake,0.375,0.3125,0.3125
12,agile,tiger,0.125,0.375,0.5
12,agile,turtle,0.8125,0.125,0.0625
12,agile,zebra,0.25,0.4375,0.3125
13,slow,armadillo,0.210526315789474,0.210526315789474,0.578947368421053
13,slow,bear,0.315789473684211,0.631578947368421,0.0526315789473684
13,slow,bird,0.631578947368421,0.263157894736842,0.105263157894737
13,slow,cat,0.526315789473684,0.368421052631579,0.105263157894737
13,slow,cheetah,0.894736842105263,0.0526315789473684,0.0526315789473684
13,slow,cow,0.105263157894737,0.210526315789474,0.684210526315789
13,slow,deer,0.631578947368421,0.210526315789474,0.157894736842105
13,slow,dog,0.526315789473684,0.421052631578947,0.0526315789473684
13,slow,donkey,0.105263157894737,0.473684210526316,0.421052631578947
13,slow,elephant,0.0526315789473684,0.421052631578947,0.526315789473684
13,slow,giraffe,0.157894736842105,0.578947368421053,0.263157894736842
13,slow,gorilla,0.263157894736842,0.578947368421053,0.157894736842105
13,slow,hippo,0.157894736842105,0.421052631578947,0.421052631578947
13,slow,horse,0.684210526315789,0.210526315789474,0.105263157894737
13,slow,jaguar,0.842105263157895,0.105263157894737,0.0526315789473684
13,slow,kitten,0.368421052631579,0.263157894736842,0.368421052631579
13,slow,man,0.421052631578947,0.368421052631579,0.210526315789474
13,slow,mouse,0.421052631578947,0.421052631578947,0.157894736842105
13,slow,mule,0.105263157894737,0.473684210526316,0.421052631578947
13,slow,pig,0.105263157894737,0.368421052631579,0.526315789473684
13,slow,sloth,0.0526315789473684,0.105263157894737,0.842105263157895
13,slow,snake,0.473684210526316,0.368421052631579,0.157894736842105
13,slow,turtle,0.105263157894737,0.0526315789473684,0.842105263157895
13,slow,whale,0.368421052631579,0.210526315789474,0.421052631578947
14,strong,armadillo,0.722222222222222,0.111111111111111,0.166666666666667
14,strong,bear,0.0555555555555556,0.277777777777778,0.666666666666667
14,strong,bird,0.777777777777778,0.166666666666667,0.0555555555555556
14,strong,cat,0.722222222222222,0.222222222222222,0.0555555555555556
14,strong,cheetah,0.111111111111111,0.555555555555556,0.333333333333333
14,strong,cougar,0.166666666666667,0.5,0.333333333333333
14,strong,cow,0.222222222222222,0.611111111111111,0.166666666666667
14,strong,deer,0.611111111111111,0.333333333333333,0.0555555555555556
14,strong,dog,0.611111111111111,0.333333333333333,0.0555555555555556
14,strong,dolphin,0.277777777777778,0.5,0.222222222222222
14,strong,donkey,0.333333333333333,0.388888888888889,0.277777777777778
14,strong,eagle,0.555555555555556,0.333333333333333,0.111111111111111
14,strong,eel,0.833333333333333,0.111111111111111,0.0555555555555556
14,strong,elephant,0.111111111111111,0.222222222222222,0.666666666666667
14,strong,fish,0.777777777777778,0.166666666666667,0.0555555555555556
14,strong,giraffe,0.388888888888889,0.277777777777778,0.333333333333333
14,strong,gorilla,0.0555555555555556,0.444444444444444,0.5
14,strong,hippo,0.166666666666667,0.277777777777778,0.555555555555556
14,strong,horse,0.166666666666667,0.444444444444444,0.388888888888889
14,strong,hyena,0.444444444444444,0.333333333333333,0.222222222222222
14,strong,jaguar,0.277777777777778,0.444444444444444,0.277777777777778
14,strong,lion,0.166666666666667,0.388888888888889,0.444444444444444
14,strong,man,0.333333333333333,0.444444444444444,0.222222222222222
14,strong,monkey,0.5,0.333333333333333,0.166666666666667
14,strong,mouse,0.833333333333333,0.111111111111111,0.0555555555555556
14,strong,mule,0.222222222222222,0.444444444444444,0.333333333333333
14,strong,pig,0.666666666666667,0.222222222222222,0.111111111111111
14,strong,sloth,0.777777777777778,0.166666666666667,0.0555555555555556
14,strong,snake,0.722222222222222,0.166666666666667,0.111111111111111
14,strong,tiger,0.111111111111111,0.444444444444444,0.444444444444444
14,strong,turtle,0.833333333333333,0.0555555555555556,0.111111111111111
14,strong,whale,0.111111111111111,0.222222222222222,0.666666666666667
14,strong,zebra,0.388888888888889,0.388888888888889,0.222222222222222
15,fierce,bear,0.0625,0.1875,0.75
15,fierce,bird,0.75,0.1875,0.0625
15,fierce,cat,0.5,0.4375,0.0625
15,fierce,cheetah,0.0625,0.1875,0.75
15,fierce,dog,0.375,0.4375,0.1875
15,fierce,eagle,0.4375,0.25,0.3125
15,fierce,elephant,0.5,0.3125,0.1875
15,fierce,gorilla,0.1875,0.375,0.4375
15,fierce,horse,0.6875,0.25,0.0625
15,fierce,hyena,0.1875,0.4375,0.375
15,fierce,jaguar,0.0625,0.1875,0.75
15,fierce,lion,0.0625,0.1875,0.75
15,fierce,man,0.25,0.375,0.375
15,fierce,monkey,0.5625,0.25,0.1875
15,fierce,tiger,0.0625,0.125,0.8125
15,fierce,whale,0.625,0.25,0.125
15,fierce,zebra,0.75,0.125,0.125
16,quiet,ant,0.08,0.12,0.8
16,quiet,beaver,0.2,0.48,0.32
16,quiet,bird,0.68,0.24,0.08
16,quiet,cat,0.24,0.36,0.4
16,quiet,cheetah,0.28,0.32,0.4
16,quiet,cow,0.48,0.32,0.2
16,quiet,deer,0.16,0.24,0.6
16,quiet,dog,0.6,0.28,0.12
16,quiet,donkey,0.6,0.28,0.12
16,quiet,hippo,0.44,0.28,0.28
16,quiet,jaguar,0.28,0.36,0.36
16,quiet,man,0.8,0.16,0.04
16,quiet,monkey,0.6,0.28,0.12
16,quiet,mouse,0.08,0.24,0.68
16,quiet,mule,0.4,0.36,0.24
16,quiet,pig,0.56,0.24,0.2
16,quiet,turtle,0.08,0.12,0.8
17,busy,ant,0.0434782608695652,0.0869565217391304,0.869565217391304
17,busy,beaver,0.130434782608696,0.304347826086957,0.565217391304348
17,busy,bee,0.0434782608695652,0.130434782608696,0.826086956521739
17,busy,cheetah,0.304347826086957,0.565217391304348,0.130434782608696
17,busy,jaguar,0.391304347826087,0.478260869565217,0.130434782608696
17,busy,man,0.0869565217391304,0.304347826086957,0.608695652173913
17,busy,monkey,0.173913043478261,0.521739130434783,0.304347826086957
17,busy,mouse,0.304347826086957,0.347826086956522,0.347826086956522
18,proud,cat,0.208333333333333,0.333333333333333,0.458333333333333
18,proud,eagle,0.166666666666667,0.166666666666667,0.666666666666667
18,proud,elephant,0.333333333333333,0.291666666666667,0.375
18,proud,horse,0.25,0.291666666666667,0.458333333333333
18,proud,lion,0.125,0.0833333333333333,0.791666666666667
18,proud,man,0.0416666666666667,0.125,0.833333333333333
18,proud,whale,0.375,0.416666666666667,0.208333333333333
19,sleek,ant,0.590909090909091,0.318181818181818,0.0909090909090909
19,sleek,bear,0.409090909090909,0.454545454545455,0.136363636363636
19,sleek,beaver,0.409090909090909,0.454545454545455,0.136363636363636
19,sleek,bee,0.636363636363636,0.227272727272727,0.136363636363636
19,sleek,bird,0.318181818181818,0.409090909090909,0.272727272727273
19,sleek,cat,0.272727272727273,0.409090909090909,0.318181818181818
19,sleek,cheetah,0.272727272727273,0.318181818181818,0.409090909090909
19,sleek,cougar,0.272727272727273,0.318181818181818,0.409090909090909
19,sleek,cow,0.590909090909091,0.318181818181818,0.0909090909090909
19,sleek,deer,0.318181818181818,0.590909090909091,0.0909090909090909
19,sleek,dog,0.318181818181818,0.409090909090909,0.272727272727273
19,sleek,dolphin,0.0909090909090909,0.363636363636364,0.545454545454545
19,sleek,donkey,0.636363636363636,0.272727272727273,0.0909090909090909
19,sleek,eel,0.0909090909090909,0.272727272727273,0.636363636363636
19,sleek,elephant,0.727272727272727,0.227272727272727,0.0454545454545455
19,sleek,fish,0.0909090909090909,0.454545454545455,0.454545454545455
19,sleek,gorilla,0.363636363636364,0.454545454545455,0.181818181818182
19,sleek,hippo,0.454545454545455,0.363636363636364,0.181818181818182
19,sleek,horse,0.227272727272727,0.545454545454545,0.227272727272727
19,sleek,jaguar,0.227272727272727,0.363636363636364,0.409090909090909
19,sleek,kitten,0.318181818181818,0.545454545454545,0.136363636363636
19,sleek,man,0.409090909090909,0.318181818181818,0.272727272727273
19,sleek,monkey,0.590909090909091,0.272727272727273,0.136363636363636
19,sleek,mouse,0.636363636363636,0.272727272727273,0.0909090909090909
19,sleek,mule,0.681818181818182,0.227272727272727,0.0909090909090909
19,sleek,pig,0.590909090909091,0.227272727272727,0.181818181818182
19,sleek,rabbit,0.5,0.454545454545455,0.0454545454545455
19,sleek,snake,0.0909090909090909,0.272727272727273,0.636363636363636
19,sleek,tiger,0.272727272727273,0.363636363636364,0.363636363636364
19,sleek,turtle,0.590909090909091,0.272727272727273,0.136363636363636
19,sleek,zebra,0.5,0.363636363636364,0.136363636363636
2,industrious,ant,0.136363636363636,0.272727272727273,0.590909090909091
2,industrious,beaver,0.181818181818182,0.318181818181818,0.5
2,industrious,bee,0.0909090909090909,0.272727272727273,0.636363636363636
2,industrious,bird,0.181818181818182,0.454545454545455,0.363636363636364
2,industrious,cat,0.772727272727273,0.181818181818182,0.0454545454545455
2,industrious,cheetah,0.636363636363636,0.136363636363636,0.227272727272727
2,industrious,jaguar,0.545454545454545,0.318181818181818,0.136363636363636
2,industrious,man,0.0454545454545455,0.227272727272727,0.727272727272727
2,industrious,monkey,0.136363636363636,0.636363636363636,0.227272727272727
2,industrious,mouse,0.454545454545455,0.318181818181818,0.227272727272727
20,lazy,ant,0.75,0.1,0.15
20,lazy,armadillo,0.4,0.4,0.2
20,lazy,bear,0.3,0.3,0.4
20,lazy,bird,0.6,0.2,0.2
20,lazy,cat,0.2,0.25,0.55
20,lazy,cheetah,0.55,0.35,0.1
20,lazy,cougar,0.45,0.45,0.1
20,lazy,cow,0.15,0.35,0.5
20,lazy,deer,0.6,0.35,0.05
20,lazy,dog,0.35,0.35,0.3
20,lazy,dolphin,0.55,0.4,0.05
20,lazy,donkey,0.3,0.45,0.25
20,lazy,eagle,0.7,0.15,0.15
20,lazy,eel,0.6,0.25,0.15
20,lazy,elephant,0.4,0.4,0.2
20,lazy,fish,0.7,0.15,0.15
20,lazy,giraffe,0.4,0.5,0.1
20,lazy,gorilla,0.35,0.5,0.15
20,lazy,hippo,0.2,0.45,0.35
20,lazy,horse,0.7,0.2,0.1
20,lazy,hyena,0.4,0.5,0.1
20,lazy,jaguar,0.6,0.25,0.15
20,lazy,kitten,0.3,0.2,0.5
20,lazy,lion,0.25,0.5,0.25
20,lazy,man,0.3,0.25,0.45
20,lazy,monkey,0.4,0.45,0.15
20,lazy,mouse,0.65,0.3,0.05
20,lazy,mule,0.3,0.45,0.25
20,lazy,panda,0.1,0.45,0.45
20,lazy,penguin,0.35,0.55,0.1
20,lazy,pig,0.1,0.45,0.45
20,lazy,rabbit,0.5,0.35,0.15
20,lazy,sloth,0.15,0.15,0.7
20,lazy,snake,0.4,0.35,0.25
20,lazy,turtle,0.3,0.2,0.5
20,lazy,whale,0.5,0.25,0.25
21,loyal,bird,0.533333333333333,0.266666666666667,0.2
21,loyal,cat,0.2,0.466666666666667,0.333333333333333
21,loyal,cheetah,0.666666666666667,0.2,0.133333333333333
21,loyal,cow,0.533333333333333,0.266666666666667,0.2
21,loyal,deer,0.6,0.2,0.2
21,loyal,dog,0.133333333333333,0.2,0.666666666666667
21,loyal,dolphin,0.4,0.466666666666667,0.133333333333333
21,loyal,donkey,0.533333333333333,0.333333333333333,0.133333333333333
21,loyal,elephant,0.533333333333333,0.266666666666667,0.2
21,loyal,hippo,0.733333333333333,0.133333333333333,0.133333333333333
21,loyal,hyena,0.733333333333333,0.0666666666666667,0.2
21,loyal,jaguar,0.666666666666667,0.2,0.133333333333333
21,loyal,kitten,0.2,0.466666666666667,0.333333333333333
21,loyal,lion,0.4,0.466666666666667,0.133333333333333
21,loyal,man,0.0666666666666667,0.4,0.533333333333333
21,loyal,monkey,0.4,0.4,0.2
21,loyal,mouse,0.733333333333333,0.133333333333333,0.133333333333333
21,loyal,mule,0.666666666666667,0.133333333333333,0.2
21,loyal,panda,0.6,0.2,0.2
21,loyal,penguin,0.466666666666667,0.266666666666667,0.266666666666667
21,loyal,pig,0.533333333333333,0.2,0.266666666666667
21,loyal,rabbit,0.533333333333333,0.266666666666667,0.2
21,loyal,sloth,0.6,0.266666666666667,0.133333333333333
21,loyal,turtle,0.666666666666667,0.2,0.133333333333333
21,loyal,whale,0.733333333333333,0.133333333333333,0.133333333333333
22,friendly,bird,0.235294117647059,0.470588235294118,0.294117647058824
22,friendly,cat,0.117647058823529,0.411764705882353,0.470588235294118
22,friendly,cheetah,0.705882352941177,0.176470588235294,0.117647058823529
22,friendly,cow,0.235294117647059,0.294117647058824,0.470588235294118
22,friendly,deer,0.588235294117647,0.294117647058824,0.117647058823529
22,friendly,dog,0.0588235294117647,0.117647058823529,0.823529411764706
22,friendly,dolphin,0.0588235294117647,0.294117647058824,0.647058823529412
22,friendly,donkey,0.411764705882353,0.352941176470588,0.235294117647059
22,friendly,elephant,0.176470588235294,0.411764705882353,0.411764705882353
22,friendly,hippo,0.764705882352941,0.117647058823529,0.117647058823529
22,friendly,hyena,0.764705882352941,0.176470588235294,0.0588235294117647
22,friendly,jaguar,0.705882352941177,0.176470588235294,0.117647058823529
22,friendly,kitten,0.0588235294117647,0.294117647058824,0.647058823529412
22,friendly,lion,0.764705882352941,0.117647058823529,0.117647058823529
22,friendly,man,0.176470588235294,0.294117647058824,0.529411764705882
22,friendly,monkey,0.294117647058824,0.529411764705882,0.176470588235294
22,friendly,mouse,0.411764705882353,0.411764705882353,0.176470588235294
22,friendly,mule,0.294117647058824,0.470588235294118,0.235294117647059
22,friendly,panda,0.235294117647059,0.529411764705882,0.235294117647059
22,friendly,penguin,0.411764705882353,0.352941176470588,0.235294117647059
22,friendly,pig,0.294117647058824,0.411764705882353,0.294117647058824
22,friendly,rabbit,0.235294117647059,0.470588235294118,0.294117647058824
22,friendly,sloth,0.294117647058824,0.588235294117647,0.117647058823529
22,friendly,turtle,0.411764705882353,0.411764705882353,0.176470588235294
22,friendly,whale,0.529411764705882,0.235294117647059,0.235294117647059
23,playful,cat,0.0625,0.3125,0.625
23,playful,cheetah,0.4375,0.375,0.1875
23,playful,dog,0.0625,0.0625,0.875
23,playful,elephant,0.3125,0.5,0.1875
23,playful,hyena,0.5,0.3125,0.1875
23,playful,jaguar,0.4375,0.375,0.1875
23,playful,kitten,0.0625,0.125,0.8125
23,playful,man,0.125,0.3125,0.5625
23,playful,monkey,0.0625,0.25,0.6875
23,playful,panda,0.1875,0.625,0.1875
23,playful,penguin,0.3125,0.5,0.1875
23,playful,rabbit,0.25,0.5625,0.1875
23,playful,sloth,0.6875,0.25,0.0625
23,playful,whale,0.5,0.375,0.125
24,loud,bird,0.315789473684211,0.578947368421053,0.105263157894737
24,loud,cat,0.736842105263158,0.157894736842105,0.105263157894737
24,loud,dog,0.263157894736842,0.421052631578947,0.315789473684211
24,loud,dolphin,0.421052631578947,0.421052631578947,0.157894736842105
24,loud,hyena,0.421052631578947,0.421052631578947,0.157894736842105
24,loud,kitten,0.789473684210526,0.105263157894737,0.105263157894737
24,loud,lion,0.105263157894737,0.526315789473684,0.368421052631579
24,loud,man,0.105263157894737,0.526315789473684,0.368421052631579
24,loud,monkey,0.210526315789474,0.684210526315789,0.105263157894737
24,loud,penguin,0.789473684210526,0.157894736842105,0.0526315789473684
25,happy,bird,0.130434782608696,0.391304347826087,0.478260869565217
25,happy,cat,0.130434782608696,0.304347826086957,0.565217391304348
25,happy,cheetah,0.260869565217391,0.521739130434783,0.217391304347826
25,happy,cougar,0.260869565217391,0.521739130434783,0.217391304347826
25,happy,dog,0.0434782608695652,0.173913043478261,0.782608695652174
25,happy,dolphin,0.0869565217391304,0.217391304347826,0.695652173913043
25,happy,eel,0.565217391304348,0.217391304347826,0.217391304347826
25,happy,fish,0.434782608695652,0.260869565217391,0.304347826086957
25,happy,horse,0.0869565217391304,0.478260869565217,0.434782608695652
25,happy,hyena,0.304347826086957,0.391304347826087,0.304347826086957
25,happy,jaguar,0.304347826086957,0.478260869565217,0.217391304347826
25,happy,man,0.260869565217391,0.304347826086957,0.434782608695652
25,happy,monkey,0.0869565217391304,0.434782608695652,0.478260869565217
25,happy,snake,0.521739130434783,0.260869565217391,0.217391304347826
26,slithery,cat,0.8,0.0666666666666667,0.133333333333333
26,slithery,cheetah,0.8,0.0666666666666667,0.133333333333333
26,slithery,cougar,0.8,0.0666666666666667,0.133333333333333
26,slithery,dolphin,0.466666666666667,0.266666666666667,0.266666666666667
26,slithery,eel,0.0666666666666667,0.2,0.733333333333333
26,slithery,fish,0.133333333333333,0.266666666666667,0.6
26,slithery,giraffe,0.866666666666667,0.0666666666666667,0.0666666666666667
26,slithery,horse,0.866666666666667,0.0666666666666667,0.0666666666666667
26,slithery,jaguar,0.866666666666667,0.0666666666666667,0.0666666666666667
26,slithery,man,0.8,0.133333333333333,0.0666666666666667
26,slithery,sloth,0.733333333333333,0.0666666666666667,0.2
26,slithery,snake,0.0666666666666667,0.133333333333333,0.8
27,dumb,bird,0.4,0.333333333333333,0.266666666666667
27,dumb,cat,0.6,0.333333333333333,0.0666666666666667
27,dumb,cheetah,0.6,0.333333333333333,0.0666666666666667
27,dumb,cow,0.2,0.333333333333333,0.466666666666667
27,dumb,deer,0.266666666666667,0.533333333333333,0.2
27,dumb,dog,0.4,0.533333333333333,0.0666666666666667
27,dumb,donkey,0.2,0.466666666666667,0.333333333333333
27,dumb,hippo,0.2,0.533333333333333,0.266666666666667
27,dumb,jaguar,0.6,0.333333333333333,0.0666666666666667
27,dumb,man,0.733333333333333,0.2,0.0666666666666667
27,dumb,monkey,0.6,0.333333333333333,0.0666666666666667
27,dumb,mouse,0.266666666666667,0.466666666666667,0.266666666666667
27,dumb,mule,0.2,0.4,0.4
27,dumb,pig,0.266666666666667,0.4,0.333333333333333
27,dumb,turtle,0.266666666666667,0.333333333333333,0.4
28,hairy,bear,0.125,0.125,0.75
28,hairy,cat,0.125,0.5,0.375
28,hairy,cheetah,0.1875,0.25,0.5625
28,hairy,elephant,0.6875,0.1875,0.125
28,hairy,gorilla,0.125,0.3125,0.5625
28,hairy,horse,0.125,0.375,0.5
28,hairy,jaguar,0.1875,0.3125,0.5
28,hairy,lion,0.1875,0.125,0.6875
28,hairy,man,0.3125,0.5,0.1875
28,hairy,monkey,0.125,0.25,0.625
28,hairy,sloth,0.375,0.125,0.5
28,hairy,tiger,0.125,0.25,0.625
28,hairy,turtle,0.8125,0.125,0.0625
28,hairy,whale,0.6875,0.125,0.1875
29,striped,bear,0.882352941176471,0.0588235294117647,0.0588235294117647
29,striped,cheetah,0.764705882352941,0.117647058823529,0.117647058823529
29,striped,elephant,0.882352941176471,0.0588235294117647,0.0588235294117647
29,striped,gorilla,0.882352941176471,0.0588235294117647,0.0588235294117647
29,striped,horse,0.823529411764706,0.117647058823529,0.0588235294117647
29,striped,jaguar,0.823529411764706,0.0588235294117647,0.117647058823529
29,striped,lion,0.823529411764706,0.117647058823529,0.0588235294117647
29,striped,man,0.882352941176471,0.0588235294117647,0.0588235294117647
29,striped,tiger,0.0588235294117647,0.0588235294117647,0.882352941176471
29,striped,zebra,0.0588235294117647,0.0588235294117647,0.882352941176471
3,big,armadillo,0.571428571428571,0.357142857142857,0.0714285714285714
3,big,bear,0.0714285714285714,0.428571428571429,0.5
3,big,bird,0.714285714285714,0.214285714285714,0.0714285714285714
3,big,cat,0.714285714285714,0.214285714285714,0.0714285714285714
3,big,cheetah,0.428571428571429,0.5,0.0714285714285714
3,big,cow,0.0714285714285714,0.642857142857143,0.285714285714286
3,big,deer,0.428571428571429,0.428571428571429,0.142857142857143
3,big,dog,0.571428571428571,0.357142857142857,0.0714285714285714
3,big,donkey,0.285714285714286,0.5,0.214285714285714
3,big,eagle,0.642857142857143,0.285714285714286,0.0714285714285714
3,big,elephant,0.0714285714285714,0.0714285714285714,0.857142857142857
3,big,gorilla,0.0714285714285714,0.571428571428571,0.357142857142857
3,big,hippo,0.0714285714285714,0.428571428571429,0.5
3,big,horse,0.0714285714285714,0.714285714285714,0.214285714285714
3,big,jaguar,0.428571428571429,0.5,0.0714285714285714
3,big,kitten,0.785714285714286,0.142857142857143,0.0714285714285714
3,big,lion,0.285714285714286,0.428571428571429,0.285714285714286
3,big,man,0.285714285714286,0.642857142857143,0.0714285714285714
3,big,monkey,0.714285714285714,0.214285714285714,0.0714285714285714
3,big,mouse,0.785714285714286,0.142857142857143,0.0714285714285714
3,big,mule,0.428571428571429,0.428571428571429,0.142857142857143
3,big,panda,0.142857142857143,0.714285714285714,0.142857142857143
3,big,pig,0.428571428571429,0.357142857142857,0.214285714285714
3,big,sloth,0.785714285714286,0.142857142857143,0.0714285714285714
3,big,tiger,0.214285714285714,0.642857142857143,0.142857142857143
3,big,turtle,0.714285714285714,0.142857142857143,0.142857142857143
3,big,whale,0.0714285714285714,0.142857142857143,0.785714285714286
30,slippery,cat,0.666666666666667,0.285714285714286,0.0476190476190476
30,slippery,cheetah,0.619047619047619,0.238095238095238,0.142857142857143
30,slippery,cougar,0.666666666666667,0.238095238095238,0.0952380952380952
30,slippery,dolphin,0.0476190476190476,0.19047619047619,0.761904761904762
30,slippery,eel,0.0476190476190476,0.0476190476190476,0.904761904761905
30,slippery,fish,0.0476190476190476,0.19047619047619,0.761904761904762
30,slippery,horse,0.761904761904762,0.19047619047619,0.0476190476190476
30,slippery,jaguar,0.619047619047619,0.285714285714286,0.0952380952380952
30,slippery,man,0.666666666666667,0.238095238095238,0.0952380952380952
30,slippery,snake,0.0952380952380952,0.285714285714286,0.619047619047619
31,slimy,cat,0.833333333333333,0.0833333333333333,0.0833333333333333
31,slimy,cheetah,0.75,0.166666666666667,0.0833333333333333
31,slimy,cougar,0.75,0.166666666666667,0.0833333333333333
31,slimy,dolphin,0.333333333333333,0.333333333333333,0.333333333333333
31,slimy,eel,0.0833333333333333,0.25,0.666666666666667
31,slimy,fish,0.166666666666667,0.5,0.333333333333333
31,slimy,horse,0.75,0.0833333333333333,0.166666666666667
31,slimy,jaguar,0.833333333333333,0.0833333333333333,0.0833333333333333
31,slimy,man,0.666666666666667,0.25,0.0833333333333333
31,slimy,snake,0.166666666666667,0.583333333333333,0.25
32,scaly,cat,0.916666666666667,0.0416666666666667,0.0416666666666667
32,scaly,cheetah,0.916666666666667,0.0416666666666667,0.0416666666666667
32,scaly,cougar,0.916666666666667,0.0416666666666667,0.0416666666666667
32,scaly,dolphin,0.833333333333333,0.0833333333333333,0.0833333333333333
32,scaly,eel,0.416666666666667,0.291666666666667,0.291666666666667
32,scaly,fish,0.0833333333333333,0.0833333333333333,0.833333333333333
32,scaly,horse,0.916666666666667,0.0416666666666667,0.0416666666666667
32,scaly,jaguar,0.916666666666667,0.0416666666666667,0.0416666666666667
32,scaly,man,0.916666666666667,0.0416666666666667,0.0416666666666667
32,scaly,snake,0.0833333333333333,0.0416666666666667,0.875
33,stubborn,bird,0.652173913043478,0.304347826086957,0.0434782608695652
33,stubborn,cat,0.173913043478261,0.347826086956522,0.478260869565217
33,stubborn,cheetah,0.608695652173913,0.304347826086957,0.0869565217391304
33,stubborn,cow,0.347826086956522,0.521739130434783,0.130434782608696
33,stubborn,deer,0.521739130434783,0.391304347826087,0.0869565217391304
33,stubborn,dog,0.521739130434783,0.347826086956522,0.130434782608696
33,stubborn,donkey,0.0869565217391304,0.217391304347826,0.695652173913043
33,stubborn,hippo,0.260869565217391,0.521739130434783,0.217391304347826
33,stubborn,jaguar,0.608695652173913,0.304347826086957,0.0869565217391304
33,stubborn,man,0.173913043478261,0.173913043478261,0.652173913043478
33,stubborn,mouse,0.565217391304348,0.347826086956522,0.0869565217391304
33,stubborn,mule,0.0869565217391304,0.260869565217391,0.652173913043478
33,stubborn,pig,0.391304347826087,0.478260869565217,0.130434782608696
33,stubborn,sloth,0.521739130434783,0.304347826086957,0.173913043478261
33,stubborn,turtle,0.608695652173913,0.217391304347826,0.173913043478261
34,fat,bird,0.863636363636364,0.0909090909090909,0.0454545454545455
34,fat,cat,0.681818181818182,0.227272727272727,0.0909090909090909
34,fat,cheetah,0.772727272727273,0.181818181818182,0.0454545454545455
34,fat,cow,0.181818181818182,0.5,0.318181818181818
34,fat,deer,0.727272727272727,0.181818181818182,0.0909090909090909
34,fat,dog,0.636363636363636,0.227272727272727,0.136363636363636
34,fat,donkey,0.5,0.363636363636364,0.136363636363636
34,fat,elephant,0.136363636363636,0.227272727272727,0.636363636363636
34,fat,hippo,0.0909090909090909,0.272727272727273,0.636363636363636
34,fat,jaguar,0.727272727272727,0.227272727272727,0.0454545454545455
34,fat,man,0.363636363636364,0.409090909090909,0.227272727272727
34,fat,mouse,0.818181818181818,0.136363636363636,0.0454545454545455
34,fat,mule,0.590909090909091,0.272727272727273,0.136363636363636
34,fat,pig,0.272727272727273,0.272727272727273,0.454545454545455
34,fat,turtle,0.863636363636364,0.0909090909090909,0.0454545454545455
34,fat,whale,0.181818181818182,0.0454545454545455,0.772727272727273
35,dirty,bird,0.523809523809524,0.333333333333333,0.142857142857143
35,dirty,cat,0.714285714285714,0.0952380952380952,0.19047619047619
35,dirty,cheetah,0.666666666666667,0.19047619047619,0.142857142857143
35,dirty,cow,0.333333333333333,0.333333333333333,0.333333333333333
35,dirty,deer,0.523809523809524,0.333333333333333,0.142857142857143
35,dirty,dog,0.523809523809524,0.285714285714286,0.19047619047619
35,dirty,donkey,0.428571428571429,0.333333333333333,0.238095238095238
35,dirty,hippo,0.285714285714286,0.380952380952381,0.333333333333333
35,dirty,jaguar,0.619047619047619,0.238095238095238,0.142857142857143
35,dirty,man,0.476190476190476,0.285714285714286,0.238095238095238
35,dirty,mouse,0.285714285714286,0.238095238095238,0.476190476190476
35,dirty,mule,0.380952380952381,0.285714285714286,0.333333333333333
35,dirty,pig,0.238095238095238,0.238095238095238,0.523809523809524
35,dirty,turtle,0.523809523809524,0.333333333333333,0.142857142857143
4,majestic,armadillo,0.647058823529412,0.235294117647059,0.117647058823529
4,majestic,bear,0.176470588235294,0.294117647058824,0.529411764705882
4,majestic,cat,0.176470588235294,0.529411764705882,0.294117647058824
4,majestic,cow,0.705882352941177,0.117647058823529,0.176470588235294
4,majestic,dog,0.176470588235294,0.529411764705882,0.294117647058824
4,majestic,eagle,0.176470588235294,0.352941176470588,0.470588235294118
4,majestic,elephant,0.0588235294117647,0.294117647058824,0.647058823529412
4,majestic,gorilla,0.235294117647059,0.352941176470588,0.411764705882353
4,majestic,hippo,0.411764705882353,0.411764705882353,0.176470588235294
4,majestic,horse,0.117647058823529,0.411764705882353,0.470588235294118
4,majestic,kitten,0.529411764705882,0.352941176470588,0.117647058823529
4,majestic,lion,0.117647058823529,0.176470588235294,0.705882352941177
4,majestic,man,0.411764705882353,0.294117647058824,0.294117647058824
4,majestic,monkey,0.529411764705882,0.352941176470588,0.117647058823529
4,majestic,panda,0.294117647058824,0.470588235294118,0.235294117647059
4,majestic,turtle,0.470588235294118,0.294117647058824,0.235294117647059
4,majestic,whale,0.117647058823529,0.411764705882353,0.470588235294118
5,fast,ant,0.6875,0.25,0.0625
5,fast,bear,0.3125,0.5,0.1875
5,fast,beaver,0.5,0.375,0.125
5,fast,bee,0.3125,0.4375,0.25
5,fast,bird,0.3125,0.4375,0.25
5,fast,cat,0.1875,0.625,0.1875
5,fast,cheetah,0.0625,0.125,0.8125
5,fast,cougar,0.0625,0.4375,0.5
5,fast,cow,0.75,0.1875,0.0625
5,fast,deer,0.1875,0.5625,0.25
5,fast,dog,0.0625,0.6875,0.25
5,fast,dolphin,0.1875,0.5625,0.25
5,fast,donkey,0.625,0.25,0.125
5,fast,eagle,0.1875,0.375,0.4375
5,fast,eel,0.5,0.3125,0.1875
5,fast,elephant,0.5625,0.3125,0.125
5,fast,fish,0.375,0.4375,0.1875
5,fast,giraffe,0.4375,0.5,0.0625
5,fast,gorilla,0.375,0.5,0.125
5,fast,hippo,0.625,0.3125,0.0625
5,fast,horse,0.125,0.4375,0.4375
5,fast,hyena,0.1875,0.4375,0.375
5,fast,jaguar,0.0625,0.375,0.5625
5,fast,kitten,0.4375,0.5,0.0625
5,fast,lion,0.0625,0.6875,0.25
5,fast,man,0.375,0.3125,0.3125
5,fast,monkey,0.3125,0.5625,0.125
5,fast,mouse,0.5,0.375,0.125
5,fast,mule,0.5,0.4375,0.0625
5,fast,pig,0.6875,0.25,0.0625
5,fast,rabbit,0.125,0.6875,0.1875
5,fast,sloth,0.875,0.0625,0.0625
5,fast,snake,0.5625,0.3125,0.125
5,fast,tiger,0.1875,0.4375,0.375
5,fast,turtle,0.875,0.0625,0.0625
5,fast,whale,0.5,0.3125,0.1875
5,fast,zebra,0.1875,0.5,0.3125
6,hard,armadillo,0.142857142857143,0.142857142857143,0.714285714285714
6,hard,bear,0.476190476190476,0.285714285714286,0.238095238095238
6,hard,cat,0.857142857142857,0.0952380952380952,0.0476190476190476
6,hard,cheetah,0.761904761904762,0.19047619047619,0.0476190476190476
6,hard,cow,0.571428571428571,0.333333333333333,0.0952380952380952
6,hard,dog,0.80952380952381,0.142857142857143,0.0476190476190476
6,hard,eagle,0.714285714285714,0.238095238095238,0.0476190476190476
6,hard,elephant,0.333333333333333,0.333333333333333,0.333333333333333
6,hard,gorilla,0.619047619047619,0.19047619047619,0.19047619047619
6,hard,hippo,0.285714285714286,0.380952380952381,0.333333333333333
6,hard,horse,0.571428571428571,0.285714285714286,0.142857142857143
6,hard,jaguar,0.714285714285714,0.19047619047619,0.0952380952380952
6,hard,kitten,0.857142857142857,0.0952380952380952,0.0476190476190476
6,hard,lion,0.80952380952381,0.0952380952380952,0.0952380952380952
6,hard,man,0.571428571428571,0.333333333333333,0.0952380952380952
6,hard,monkey,0.857142857142857,0.0952380952380952,0.0476190476190476
6,hard,panda,0.714285714285714,0.238095238095238,0.0476190476190476
6,hard,sloth,0.80952380952381,0.0476190476190476,0.142857142857143
6,hard,tiger,0.666666666666667,0.238095238095238,0.0952380952380952
6,hard,turtle,0.142857142857143,0.142857142857143,0.714285714285714
6,hard,whale,0.333333333333333,0.523809523809524,0.142857142857143
7,cute,ant,0.9,0.05,0.05
7,cute,bear,0.35,0.45,0.2
7,cute,bird,0.3,0.35,0.35
7,cute,cat,0.05,0.3,0.65
7,cute,cheetah,0.5,0.35,0.15
7,cute,cougar,0.5,0.35,0.15
7,cute,cow,0.7,0.15,0.15
7,cute,deer,0.45,0.35,0.2
7,cute,dog,0.1,0.2,0.7
7,cute,dolphin,0.2,0.25,0.55
7,cute,donkey,0.65,0.15,0.2
7,cute,eagle,0.7,0.2,0.1
7,cute,eel,0.8,0.15,0.05
7,cute,elephant,0.4,0.35,0.25
7,cute,fish,0.55,0.3,0.15
7,cute,gorilla,0.65,0.25,0.1
7,cute,hippo,0.75,0.15,0.1
7,cute,horse,0.5,0.35,0.15
7,cute,hyena,0.7,0.2,0.1
7,cute,jaguar,0.4,0.5,0.1
7,cute,kitten,0.05,0.2,0.75
7,cute,lion,0.55,0.35,0.1
7,cute,man,0.3,0.4,0.3
7,cute,monkey,0.25,0.45,0.3
7,cute,mouse,0.4,0.25,0.35
7,cute,mule,0.65,0.15,0.2
7,cute,panda,0.05,0.35,0.6
7,cute,penguin,0.15,0.3,0.55
7,cute,pig,0.6,0.2,0.2
7,cute,rabbit,0.2,0.3,0.5
7,cute,sloth,0.6,0.35,0.05
7,cute,snake,0.8,0.15,0.05
7,cute,turtle,0.4,0.5,0.1
7,cute,whale,0.6,0.2,0.2
8,funny,ant,0.764705882352941,0.117647058823529,0.117647058823529
8,funny,bear,0.529411764705882,0.294117647058824,0.176470588235294
8,funny,beaver,0.352941176470588,0.529411764705882,0.117647058823529
8,funny,bee,0.823529411764706,0.117647058823529,0.0588235294117647
8,funny,bird,0.411764705882353,0.352941176470588,0.235294117647059
8,funny,cat,0.235294117647059,0.352941176470588,0.411764705882353
8,funny,cheetah,0.470588235294118,0.411764705882353,0.117647058823529
8,funny,deer,0.588235294117647,0.294117647058824,0.117647058823529
8,funny,dog,0.117647058823529,0.411764705882353,0.470588235294118
8,funny,dolphin,0.352941176470588,0.235294117647059,0.411764705882353
8,funny,elephant,0.411764705882353,0.294117647058824,0.294117647058824
8,funny,gorilla,0.352941176470588,0.411764705882353,0.235294117647059
8,funny,hyena,0.411764705882353,0.352941176470588,0.235294117647059
8,funny,jaguar,0.588235294117647,0.294117647058824,0.117647058823529
8,funny,kitten,0.176470588235294,0.294117647058824,0.529411764705882
8,funny,lion,0.470588235294118,0.411764705882353,0.117647058823529
8,funny,man,0.117647058823529,0.352941176470588,0.529411764705882
8,funny,monkey,0.235294117647059,0.352941176470588,0.411764705882353
8,funny,mouse,0.588235294117647,0.176470588235294,0.235294117647059
8,funny,penguin,0.235294117647059,0.294117647058824,0.470588235294118
8,funny,whale,0.647058823529412,0.176470588235294,0.176470588235294
9,smart,ant,0.619047619047619,0.285714285714286,0.0952380952380952
9,smart,bear,0.285714285714286,0.571428571428571,0.142857142857143
9,smart,beaver,0.333333333333333,0.428571428571429,0.238095238095238
9,smart,bee,0.619047619047619,0.333333333333333,0.0476190476190476
9,smart,bird,0.476190476190476,0.285714285714286,0.238095238095238
9,smart,cat,0.19047619047619,0.380952380952381,0.428571428571429
9,smart,cheetah,0.142857142857143,0.714285714285714,0.142857142857143
9,smart,cougar,0.142857142857143,0.666666666666667,0.19047619047619
9,smart,deer,0.380952380952381,0.476190476190476,0.142857142857143
9,smart,dog,0.19047619047619,0.380952380952381,0.428571428571429
9,smart,dolphin,0.0952380952380952,0.19047619047619,0.714285714285714
9,smart,eel,0.714285714285714,0.238095238095238,0.0476190476190476
9,smart,elephant,0.142857142857143,0.380952380952381,0.476190476190476
9,smart,fish,0.761904761904762,0.19047619047619,0.0476190476190476
9,smart,gorilla,0.142857142857143,0.238095238095238,0.619047619047619
9,smart,horse,0.333333333333333,0.333333333333333,0.333333333333333
9,smart,hyena,0.19047619047619,0.714285714285714,0.0952380952380952
9,smart,jaguar,0.0952380952380952,0.666666666666667,0.238095238095238
9,smart,kitten,0.476190476190476,0.333333333333333,0.19047619047619
9,smart,lion,0.19047619047619,0.476190476190476,0.333333333333333
9,smart,man,0.0476190476190476,0.19047619047619,0.761904761904762
9,smart,monkey,0.0476190476190476,0.476190476190476,0.476190476190476
9,smart,mouse,0.476190476190476,0.428571428571429,0.0952380952380952
9,smart,penguin,0.333333333333333,0.571428571428571,0.0952380952380952
9,smart,snake,0.523809523809524,0.428571428571429,0.0476190476190476
9,smart,whale,0.0476190476190476,0.619047619047619,0.333333333333333
