categoryID,animal,featureNum,alternative,normalizedProb.1,normalizedProb.2,normalizedProb.3,normalizedProb.4,normalizedProb.5,normalizedProb.6,normalizedProb.7,normalizedProb.8
1,ant,0,ant,0.2702332,0.1478589,0.141023495,0.126138499,0.107261363,0.084369101,0.071764125,0.051351316
1,ant,0,person,0.134186901,0.114881538,0.130459856,0.125058376,0.135430755,0.118732328,0.115361179,0.125889068
1,ant,1,hamster,0.227455493,0.146314006,0.2346536,0.168870699,0.056250973,0.053682158,0.061592789,0.051180282
1,ant,1,mouse,0.153740069,0.145759377,0.261465904,0.198394056,0.054872396,0.070075369,0.052384271,0.063308558
1,ant,2,gorilla,0.095510855,0.105520967,0.080995274,0.060618968,0.208822618,0.20675764,0.119650979,0.122122699
1,ant,2,ox,0.044852864,0.07209531,0.038339853,0.043434958,0.300679321,0.303921515,0.097385044,0.099291135
1,ant,3,beaver,0.234165574,0.079408264,0.139959217,0.067453499,0.195743428,0.080384388,0.118141958,0.084743671
1,ant,3,bee,0.25175492,0.098437682,0.206452246,0.095377679,0.122678635,0.074902608,0.090954482,0.059441747
2,bat,0,bat,0.216663537,0.10714911,0.155836546,0.06945129,0.197322353,0.074761858,0.120357535,0.058457771
2,bat,0,person,0.082926251,0.127270765,0.088934539,0.159922187,0.079518208,0.128597187,0.099070039,0.233760823
2,bat,1,bear,0.082239595,0.124680406,0.1545865,0.209592439,0.068651241,0.081709513,0.119410043,0.159130264
2,bat,1,snake,0.107687724,0.124364844,0.180430757,0.185167098,0.100719761,0.076453415,0.107428736,0.117747665
2,bat,2,mole,0.203840301,0.116491701,0.08361998,0.051082016,0.294090833,0.122397295,0.065484846,0.062993028
2,bat,2,mouse,0.136685299,0.115564573,0.158474516,0.132211067,0.123183456,0.105092611,0.135467375,0.093321102
2,bat,3,owl,0.1379112,0.071962534,0.186799268,0.105568017,0.148221777,0.068863683,0.193897717,0.086775804
2,bat,3,snake,0.097289735,0.091015771,0.196157825,0.23522444,0.038486882,0.044058302,0.125698326,0.172068718
3,bear,0,bear,0.347858606,0.12074398,0.100692626,0.04788576,0.163026683,0.108924442,0.071232873,0.03963503
3,bear,0,person,0.12036694,0.119857228,0.134315432,0.12943703,0.1031675,0.126915265,0.127321185,0.13861942
3,bear,1,shark,0.222372228,0.153207831,0.15389363,0.105471759,0.110884504,0.087261332,0.086815789,0.080092927
3,bear,1,snake,0.136731026,0.139621562,0.14405661,0.120410192,0.105176147,0.119177936,0.10789106,0.126935466
3,bear,2,elephant,0.2037186,0.202389219,0.046535,0.043784289,0.165209948,0.205648237,0.060058617,0.072656089
3,bear,2,whale,0.140581994,0.165145001,0.071842322,0.060598254,0.143296377,0.259748631,0.063011088,0.095776332
3,bear,3,lion,0.312432826,0.138906489,0.144649191,0.087536439,0.121405475,0.09530071,0.0447363,0.05503257
3,bear,3,tiger,0.309197431,0.163399182,0.116600059,0.061695921,0.156232379,0.078502039,0.075088919,0.039284071
4,bee,0,bee,0.270371602,0.208670479,0.078009572,0.076735459,0.142246873,0.132904726,0.043976751,0.047084538
4,bee,0,person,0.123738016,0.122407732,0.128874744,0.13250644,0.121076558,0.12582127,0.117794671,0.127780569
4,bee,1,ant,0.219702072,0.257759969,0.099634722,0.121102947,0.092941932,0.100786108,0.042784178,0.065288072
4,bee,1,beaver,0.172572173,0.283013159,0.107480847,0.122872489,0.085524142,0.0776355,0.07641435,0.074487339
4,bee,2,hamster,0.216971801,0.24752356,0.065244323,0.093600223,0.125530724,0.144863852,0.048880422,0.057385094
4,bee,2,mouse,0.177274432,0.25509477,0.060709345,0.071771417,0.148816865,0.190348373,0.052297666,0.043687132
4,bee,3,bull,0.06554949,0.073442032,0.194840696,0.139533711,0.106507302,0.073378988,0.20209173,0.14465605
4,bee,3,lion,0.089401489,0.087289466,0.202794544,0.141595516,0.078376111,0.093317009,0.16816839,0.139057475
5,bird,0,bird,0.193354927,0.190330624,0.105848586,0.098356892,0.154900694,0.127396926,0.068762194,0.061049157
5,bird,0,person,0.167490442,0.155009396,0.161091462,0.151891912,0.101633788,0.087151864,0.086744542,0.088986593
5,bird,1,eagle,0.160823586,0.251416795,0.092481333,0.098837666,0.093044971,0.156959142,0.065821617,0.080614889
5,bird,1,horse,0.105139971,0.228613447,0.077194146,0.137775772,0.076323753,0.193798258,0.059522718,0.121631935
5,bird,2,gazelle,0.172571016,0.221490168,0.126307022,0.148403884,0.08346497,0.094462429,0.077014258,0.076286253
5,bird,2,swan,0.16590555,0.2335775,0.111121627,0.120631677,0.10998205,0.145584132,0.054498728,0.058698735
5,bird,3,hamster,0.21745069,0.068313392,0.147734311,0.061146854,0.199847846,0.081094595,0.148566977,0.075845336
5,bird,3,mouse,0.178114329,0.078193353,0.232925792,0.056194541,0.163484441,0.091759822,0.134308759,0.065018964
6,buffalo,0,buffalo,0.24525757,0.173200474,0.114536176,0.123649032,0.099941087,0.095683868,0.063936019,0.083795774
6,buffalo,0,person,0.103559976,0.17419591,0.091997491,0.126461814,0.101768843,0.156266715,0.107058695,0.138690556
6,buffalo,1,bear,0.234816935,0.124756711,0.114358156,0.103695926,0.130834247,0.111657298,0.110840573,0.069040154
6,buffalo,1,elephant,0.241625439,0.19592239,0.106003994,0.102545147,0.097571602,0.077750646,0.100604236,0.077976546
6,buffalo,2,gorilla,0.282442405,0.193053,0.130186054,0.101418203,0.134297298,0.057608606,0.049193215,0.051801219
6,buffalo,2,ox,0.216882363,0.210910085,0.108444643,0.131221234,0.097846107,0.088375761,0.070020258,0.076299548
6,buffalo,3,boar,0.361256094,0.105469333,0.129868708,0.061729466,0.16186825,0.043995294,0.088054895,0.047757961
6,buffalo,3,lion,0.238992138,0.162149332,0.116725457,0.093642756,0.138308515,0.095079833,0.074778789,0.08032318
7,cat,0,cat,0.163292468,0.119415669,0.153686061,0.134051703,0.136556373,0.093796037,0.124772065,0.074429624
7,cat,0,person,0.109075812,0.105814943,0.124690765,0.146151406,0.140333481,0.125109042,0.124412275,0.124412275
7,cat,1,cheetah,0.100702529,0.07515956,0.238407729,0.241466455,0.062332436,0.078234058,0.101934661,0.101762573
7,cat,1,eagle,0.145948189,0.108505546,0.187584001,0.167053733,0.100395422,0.07170882,0.116759497,0.102044791
7,cat,2,dog,0.12625536,0.086834744,0.153298749,0.088709251,0.156798863,0.089074199,0.189450098,0.109578736
7,cat,2,sloth,0.246034233,0.151772492,0.126626247,0.076619563,0.191186046,0.09439017,0.059876406,0.053494843
7,cat,3,kitten,0.147962606,0.055550281,0.132592373,0.093658879,0.19870549,0.065217999,0.237807534,0.068504837
7,cat,3,rabbit,0.164824691,0.092332396,0.192991348,0.097817119,0.141190404,0.068311099,0.152709566,0.089823378
8,cow,0,cow,0.265257387,0.136453751,0.152588109,0.077223796,0.137551944,0.071199082,0.085506358,0.074219573
8,cow,0,person,0.146265674,0.08874709,0.129704903,0.095838939,0.130253256,0.127104843,0.143832308,0.138252986
8,cow,1,hippo,0.265583927,0.178522263,0.21705393,0.225328251,0.025438508,0.033791216,0.024287919,0.029993985
8,cow,1,pig,0.143450985,0.122500878,0.182611772,0.172644787,0.112851254,0.090556153,0.089121154,0.086263017
8,cow,2,dog,0.143163192,0.114650403,0.141662633,0.140818596,0.109048208,0.109094219,0.124220823,0.117341926
8,cow,2,ox,0.26447356,0.137280118,0.187625916,0.142560623,0.067402025,0.065209036,0.064362581,0.071086141
8,cow,3,cat,0.119874086,0.110819183,0.131371109,0.131477881,0.126239248,0.127657803,0.117263754,0.135296936
8,cow,3,sloth,0.245199282,0.052627851,0.289473547,0.063937449,0.124698593,0.051628428,0.130766732,0.041668117
9,dog,0,dog,0.279064823,0.128930383,0.126466425,0.109370085,0.110080509,0.070645791,0.081546192,0.093895792
9,dog,0,person,0.147444346,0.123751523,0.129912564,0.108233387,0.131258747,0.121325061,0.115887655,0.122186716
9,dog,1,cat,0.161686076,0.12147426,0.132471311,0.125368272,0.131776621,0.104633898,0.111026505,0.111563057
9,dog,1,eagle,0.193608647,0.117567219,0.197372424,0.117197775,0.094747462,0.06847258,0.113801024,0.097232868
9,dog,2,cat,0.190502458,0.116425662,0.155513454,0.120339858,0.127694418,0.075547201,0.129654625,0.084322323
9,dog,2,dolphin,0.220093805,0.155908713,0.144274841,0.094691718,0.125664529,0.10737733,0.09016528,0.061823783
9,dog,3,cat,0.185648108,0.12276081,0.12675074,0.106693017,0.123716848,0.09887171,0.120281338,0.115277429
9,dog,3,dolphin,0.221126377,0.154697942,0.141054967,0.104837313,0.121305183,0.081207594,0.094540622,0.081230003
10,dolphin,0,dolphin,0.26884834,0.128901063,0.149083578,0.118318409,0.137892393,0.073878425,0.072144521,0.050933271
10,dolphin,0,person,0.15971566,0.123663857,0.099331433,0.144911938,0.14442516,0.10496846,0.092303555,0.130679939
10,dolphin,1,cat,0.197854429,0.164424831,0.147108894,0.14413784,0.12553342,0.086317682,0.068909789,0.065713115
10,dolphin,1,dog,0.188479782,0.12352092,0.104609708,0.117347919,0.165639784,0.105603924,0.09279873,0.101999232
10,dolphin,2,cat,0.155567265,0.130234467,0.139298054,0.13325635,0.108639409,0.107871769,0.119859994,0.105272691
10,dolphin,2,dog,0.257036166,0.132219122,0.093399531,0.087097016,0.172292158,0.105801711,0.069405262,0.082749036
10,dolphin,3,dog,0.210630816,0.121067653,0.09063017,0.117147549,0.158077569,0.09678067,0.097206086,0.108459487
10,dolphin,3,kitten,0.220115745,0.111086477,0.11092543,0.103699839,0.184564824,0.088309042,0.095398401,0.085900242
11,duck,0,duck,0.337587804,0.043422815,0.163195252,0.076303344,0.10828079,0.101000289,0.077290225,0.092919481
11,duck,0,person,0.045290746,0.204715183,0.053096361,0.187975305,0.062694772,0.19048061,0.053905258,0.201841765
11,duck,1,dog,0.043687363,0.269106609,0.039030599,0.191003846,0.034485845,0.235538787,0.030930574,0.156216377
11,duck,1,elephant,0.039964386,0.249549693,0.06219997,0.201904387,0.024792719,0.193769739,0.044139384,0.183679722
11,duck,2,kitten,0.033905947,0.318030102,0.025190127,0.090185469,0.046582614,0.313381429,0.056801862,0.115922451
11,duck,2,puppy,0.055640963,0.24972859,0.044825104,0.165697943,0.04467543,0.238975727,0.038698002,0.16175824
11,duck,3,donkey,0.052888219,0.122362042,0.144377799,0.200147905,0.051993935,0.109969928,0.136574383,0.181685789
12,elephant,0,elephant,0.390017405,0.099845295,0.148233685,0.07551987,0.118925747,0.08059349,0.045631664,0.041232844
12,elephant,0,person,0.161574751,0.080447934,0.159459166,0.073476505,0.116287839,0.185378815,0.084131263,0.139243727
12,elephant,1,giraffe,0.284685298,0.107932375,0.208352143,0.105464195,0.095246559,0.064592673,0.061276528,0.07245023
12,elephant,1,whale,0.306790273,0.122186155,0.218269786,0.080418087,0.084020308,0.061788264,0.07507304,0.051454086
12,elephant,2,cat,0.124740937,0.122653861,0.101878339,0.102889951,0.136448379,0.18667073,0.095896849,0.128820953
12,elephant,2,dolphin,0.219982793,0.11918905,0.102525811,0.071157295,0.143416692,0.182795121,0.059233384,0.101699852
12,elephant,3,hippo,0.304287292,0.063930612,0.309506668,0.084392356,0.076945378,0.047696568,0.067226804,0.046014321
12,elephant,3,rhino,0.238699424,0.113385167,0.213564162,0.084006962,0.099321958,0.081158791,0.10081865,0.069044887
13,fish,0,fish,0.279977206,0.199345849,0.075557733,0.077650303,0.164891022,0.11356541,0.051255353,0.037757125
13,fish,0,person,0.036732394,0.048943257,0.036598413,0.101295729,0.148038082,0.152103581,0.209527518,0.266761025
13,fish,1,lizard,0.151736728,0.123841887,0.179290317,0.134882735,0.119574754,0.080096833,0.118693927,0.091882819
13,fish,1,snake,0.134512783,0.13192541,0.183740392,0.133200836,0.108128894,0.097652795,0.099302613,0.111536276
13,fish,2,dolphin,0.06838284,0.060488028,0.055984648,0.051810266,0.326506003,0.30474503,0.059483242,0.072599945
13,fish,2,seal,0.112127438,0.083591984,0.065108637,0.044927124,0.292898206,0.171286546,0.14251554,0.087544525
13,fish,3,pig,0.042431943,0.04751098,0.0485825,0.043496783,0.25486243,0.144954923,0.26703932,0.151121121
13,fish,3,skunk,0.057937001,0.056354553,0.063064141,0.056292426,0.186261587,0.165520966,0.22968781,0.184881516
14,fox,0,fox,0.257567311,0.148046275,0.129067757,0.080667068,0.117688602,0.102691258,0.089533406,0.074738323
14,fox,0,person,0.140182874,0.139868826,0.102941251,0.108926918,0.124045352,0.136534047,0.121126853,0.126373879
14,fox,1,cat,0.240412782,0.131820234,0.109680578,0.067945581,0.163216609,0.110437904,0.12427674,0.052209572
14,fox,1,snake,0.140672986,0.175670734,0.097436267,0.117489066,0.11554018,0.133127595,0.089827983,0.130235188
14,fox,2,cat,0.242578319,0.118116149,0.101184633,0.090215254,0.140786624,0.101172344,0.118987252,0.086959424
14,fox,2,dolphin,0.310408817,0.129636949,0.108404727,0.060522846,0.153151049,0.085564585,0.095597419,0.056713608
14,fox,3,cat,0.236121837,0.169350652,0.152209145,0.065317546,0.152730529,0.082770739,0.088190306,0.053309246
14,fox,3,peacock,0.296577649,0.073860131,0.160111632,0.054765853,0.169538584,0.069496669,0.125531948,0.050117534
15,frog,0,frog,0.222859715,0.197163071,0.194374494,0.149463515,0.069985025,0.056058768,0.060829393,0.04926602
15,frog,0,person,0.069585633,0.069549038,0.079572062,0.068817733,0.182398137,0.178751609,0.158916825,0.192408962
15,frog,1,slug,0.096437665,0.123444306,0.191453904,0.375233001,0.050836289,0.05161417,0.051123581,0.059857084
15,frog,1,snake,0.088798379,0.09682515,0.165107384,0.288019604,0.051745504,0.065237821,0.137867144,0.106399012
15,frog,2,bird,0.061525442,0.060522619,0.044933013,0.03920126,0.213854915,0.202640571,0.195991503,0.181330677
15,frog,2,dog,0.065552695,0.059655475,0.061608465,0.049079311,0.227187613,0.160927348,0.164212169,0.211776924
15,frog,3,kangaroo,0.063951621,0.045376188,0.060534027,0.065369512,0.204418883,0.139877431,0.236950619,0.183521719
15,frog,3,rabbit,0.05902421,0.052533119,0.073497594,0.06486338,0.147165324,0.136578541,0.247239901,0.219097932
16,goat,0,goat,0.173983024,0.115238632,0.116129191,0.114948905,0.117184928,0.121712041,0.127924165,0.112879113
16,goat,0,person,0.127282381,0.117517487,0.13814361,0.122487864,0.121877924,0.123643577,0.127171607,0.12187555
16,goat,1,hyena,0.153850031,0.079129999,0.141607724,0.068431464,0.17986621,0.089845654,0.175215199,0.112053719
16,goat,1,monkey,0.185251919,0.094789798,0.164925681,0.117148354,0.121850206,0.089943574,0.138895367,0.0871951
16,goat,2,hippo,0.104279955,0.107145377,0.097107407,0.089448988,0.166549717,0.148861296,0.153503089,0.13310417
16,goat,2,lion,0.093574777,0.091729184,0.09126127,0.097266236,0.175203416,0.144537092,0.148724247,0.157703779
16,goat,3,dog,0.152162934,0.121581844,0.1427021,0.121877694,0.140018114,0.104837966,0.111503094,0.105316254
16,goat,3,elephant,0.137875234,0.105372805,0.109803529,0.125695843,0.133887836,0.109201079,0.101274118,0.176889558
17,goose,0,goose,0.205226084,0.11959632,0.159075943,0.136961176,0.125630826,0.089068329,0.085032046,0.079409276
17,goose,0,person,0.147025045,0.100983848,0.130961056,0.131867862,0.125196824,0.102075392,0.107290081,0.154599893
17,goose,1,dog,0.154778421,0.082599437,0.143801079,0.15545148,0.10912591,0.095392978,0.096095223,0.162755472
17,goose,1,elephant,0.12533825,0.108275144,0.147868308,0.163016717,0.10663974,0.103993453,0.102284466,0.142583923
17,goose,2,cat,0.116436788,0.093173425,0.124819686,0.131070974,0.092639133,0.112814258,0.123768323,0.205277413
17,goose,2,lion,0.218854698,0.111879059,0.10554503,0.093524792,0.187060249,0.121062567,0.078723918,0.083349686
17,goose,3,cat,0.10991375,0.064374863,0.12274464,0.121809933,0.119860616,0.090338075,0.166164681,0.204793442
17,goose,3,dog,0.124132803,0.107562752,0.126119241,0.180363695,0.076588413,0.061107568,0.141374874,0.182750654
18,horse,0,horse,0.237814609,0.152130612,0.129261515,0.093573162,0.137500922,0.092878741,0.095412317,0.061428122
18,horse,0,person,0.134159753,0.13236133,0.111620609,0.11189687,0.123562596,0.131378287,0.128176885,0.126843669
18,horse,1,cheetah,0.263948166,0.170037678,0.179535798,0.139738164,0.069688303,0.054147183,0.057042936,0.065861772
18,horse,1,gazelle,0.246701561,0.123727957,0.205105868,0.106962709,0.09974212,0.070503633,0.083592191,0.063663962
18,horse,2,gorilla,0.14363503,0.190308203,0.084701963,0.116980537,0.131917253,0.161638525,0.060947146,0.109871343
18,horse,2,ox,0.124736049,0.151824924,0.060123365,0.062089295,0.176410975,0.244532284,0.06760057,0.112682538
18,horse,3,lion,0.306646831,0.121377924,0.109325489,0.084714689,0.162868485,0.068086936,0.094931352,0.052048293
18,horse,3,peacock,0.210083355,0.074078364,0.157845445,0.062952616,0.187852624,0.066016748,0.180201941,0.060968907
19,kangaroo,0,kangaroo,0.206426181,0.131471507,0.110163573,0.091931572,0.171043654,0.118459448,0.079365916,0.091138148
19,kangaroo,0,person,0.146275469,0.136860834,0.112027922,0.119821164,0.126871489,0.123029999,0.117412683,0.117700439
19,kangaroo,1,frog,0.159753715,0.189111357,0.08457759,0.090748262,0.139667266,0.18642615,0.061983732,0.087731928
19,kangaroo,1,rabbit,0.22595427,0.125919151,0.159294637,0.102896967,0.15177586,0.08643278,0.097275109,0.050451226
19,kangaroo,2,frog,0.193860457,0.16815179,0.092217339,0.106096555,0.117108032,0.153762373,0.071449022,0.097354433
19,kangaroo,2,rabbit,0.322125016,0.097561127,0.116814875,0.059990178,0.169528437,0.061063843,0.103989778,0.068926746
19,kangaroo,3,kitten,0.233764849,0.080213178,0.126850243,0.063399211,0.193747312,0.089171349,0.142282153,0.070571705
19,kangaroo,3,puppy,0.181484111,0.132543589,0.116761449,0.091230006,0.169071617,0.120990205,0.106422729,0.081496294
20,lion,0,lion,0.300926613,0.039467175,0.174481485,0.04261183,0.194008374,0.056321108,0.119008374,0.073175041
20,lion,0,person,0.130179728,0.118432252,0.107588218,0.105232506,0.128847842,0.130306399,0.145415366,0.133997687
20,lion,1,bear,0.231433303,0.101771217,0.152570984,0.067891371,0.16365609,0.080764246,0.149423259,0.05248953
20,lion,1,tiger,0.350211378,0.090628629,0.136890357,0.060032088,0.145860065,0.064972863,0.084523072,0.066881548
20,lion,2,bear,0.277894967,0.13452551,0.162087274,0.094644341,0.128475857,0.060878234,0.090930057,0.05056376
20,lion,2,snake,0.221104222,0.117583306,0.107917969,0.076475932,0.142342637,0.121628697,0.123561466,0.089385771
20,lion,3,gorilla,0.270080944,0.092551173,0.140425372,0.104902692,0.127497944,0.06995186,0.129730158,0.064859857
20,lion,3,ox,0.192489013,0.090644087,0.126040138,0.077912308,0.161977123,0.095088358,0.167475418,0.088373555
21,monkey,0,monkey,0.212523692,0.138854447,0.166213783,0.101366317,0.111520524,0.080521219,0.114068765,0.074931255
21,monkey,0,person,0.169725931,0.135384663,0.138904804,0.107974013,0.126592387,0.114833169,0.087868408,0.118716625
21,monkey,1,hyena,0.149582902,0.112041028,0.150457964,0.116059286,0.13675147,0.104041499,0.141015844,0.090050007
21,monkey,1,parrot,0.205503771,0.107362443,0.12048921,0.093634678,0.16750228,0.103638975,0.120316874,0.081551768
21,monkey,2,cat,0.202790028,0.132005986,0.161617171,0.103673789,0.104287511,0.104652047,0.10338379,0.087589678
21,monkey,2,dolphin,0.304102884,0.134339661,0.111482375,0.073686524,0.140153192,0.09318384,0.073574643,0.06947688
21,monkey,3,dog,0.193076237,0.12066567,0.180368173,0.099185444,0.107221396,0.102099435,0.11397054,0.083413105
21,monkey,3,kitten,0.213975239,0.111122409,0.157761393,0.085689481,0.141612431,0.100636543,0.112243994,0.076958511
22,owl,0,owl,0.268727797,0.061819625,0.226393644,0.05897862,0.149152235,0.046578499,0.151379342,0.036970237
22,owl,0,person,0.125853876,0.137792327,0.104776684,0.12029047,0.125376654,0.130943006,0.115775735,0.139191249
22,owl,1,dolphin,0.117996788,0.22144509,0.098325013,0.227621929,0.054289246,0.108469579,0.080905573,0.090946782
22,owl,1,elephant,0.106815399,0.18643939,0.117198656,0.178203404,0.082028697,0.110345888,0.092808893,0.126159673
22,owl,2,cat,0.156724562,0.161023973,0.132708877,0.147453847,0.104282746,0.096643716,0.095522998,0.105639281
22,owl,2,mouse,0.169329866,0.229055721,0.055927528,0.072951159,0.154008074,0.099192625,0.124349788,0.095185239
22,owl,3,bat,0.170755528,0.054094227,0.149756207,0.046125376,0.252887411,0.070979858,0.194724617,0.060676776
22,owl,3,snake,0.184072279,0.231002545,0.097723442,0.094159859,0.133643203,0.131757933,0.061746077,0.065894662
23,ox,0,ox,0.358725892,0.246762798,0.082346692,0.077129924,0.104974504,0.051850054,0.039660193,0.038549943
23,ox,0,person,0.12554674,0.130981776,0.122858168,0.128358483,0.124536757,0.121799104,0.130211778,0.115707194
23,ox,1,gorilla,0.240560871,0.298486017,0.101325999,0.09942131,0.080502251,0.075016452,0.05014621,0.054540889
23,ox,1,lion,0.145894819,0.258444241,0.107133017,0.159337778,0.098617523,0.075349823,0.08773135,0.067491449
23,ox,2,bear,0.220829791,0.244886191,0.092174808,0.126446182,0.080053867,0.0826904,0.081679302,0.071239458
23,ox,2,elephant,0.204438277,0.169125482,0.094419624,0.109120493,0.139488707,0.12669259,0.083804037,0.072910791
23,ox,3,sloth,0.203486881,0.065600756,0.163065007,0.065071772,0.200180046,0.065511361,0.177722107,0.05936207
23,ox,3,turtle,0.178685344,0.08619381,0.166445757,0.061234945,0.204400414,0.0514087,0.194752049,0.056878982
24,penguin,0,penguin,0.27692508,0.135345997,0.126723856,0.105962108,0.112513681,0.082644507,0.088096858,0.071787912
24,penguin,0,person,0.126964761,0.139491229,0.110607127,0.127549362,0.158559148,0.111925912,0.102975858,0.121926604
24,penguin,1,polar-bear,0.20982198,0.199903415,0.146185217,0.133731533,0.079121064,0.088239493,0.075215428,0.067781871
24,penguin,1,snake,0.124705498,0.181086206,0.138555015,0.279449716,0.053558782,0.055342958,0.053187363,0.114114463
24,penguin,2,kitten,0.158118727,0.141867888,0.099929592,0.097411148,0.152310429,0.115938982,0.143222684,0.091200551
24,penguin,2,puppy,0.156013645,0.097948003,0.106586753,0.059687706,0.293843224,0.102883791,0.104525371,0.078511508
24,penguin,3,hyena,0.068937842,0.095516511,0.112897965,0.23596929,0.082387572,0.10085686,0.121118516,0.182315445
24,penguin,3,monkey,0.15773706,0.101592288,0.146815437,0.124700291,0.126992262,0.105798348,0.125389951,0.110974363
25,pig,0,person,0.168774778,0.091672981,0.156422928,0.086609748,0.100433953,0.161315928,0.077955104,0.15681458
25,pig,0,pig,0.297134881,0.151827313,0.124517554,0.063538615,0.137138972,0.089125379,0.080757019,0.055960267
25,pig,1,dog,0.146251412,0.092251937,0.153677244,0.087642635,0.088099375,0.146703021,0.116265151,0.169109226
25,pig,1,rat,0.238679402,0.112673445,0.19019499,0.104346296,0.10429436,0.069031914,0.109655381,0.071124212
25,pig,2,cat,0.124346713,0.089936312,0.149919097,0.089529867,0.094672409,0.176504776,0.096168023,0.178922803
25,pig,2,hippo,0.287195227,0.129149301,0.068716255,0.040839537,0.234359769,0.163011612,0.03034464,0.046383659
25,pig,3,baboon,0.280610115,0.141191878,0.218701366,0.044238114,0.149983895,0.047346532,0.075005561,0.04292254
25,pig,3,skunk,0.207184152,0.092433082,0.21958619,0.102306803,0.107895565,0.058951118,0.150839236,0.060803854
26,rabbit,0,person,0.064511952,0.064573678,0.197081413,0.198776848,0.053149437,0.080402286,0.167550292,0.173954096
26,rabbit,0,rabbit,0.308417647,0.168759346,0.091959378,0.082761436,0.165275796,0.079705346,0.054607547,0.048513505
26,rabbit,1,cheetah,0.322799819,0.149232935,0.145447157,0.116631996,0.102091841,0.071063003,0.054800485,0.037932766
26,rabbit,1,gazelle,0.278248978,0.17303027,0.124050612,0.150986749,0.091914918,0.07826084,0.05162117,0.051886463
26,rabbit,2,bear,0.257708401,0.174790611,0.055485062,0.043773574,0.203721787,0.184519309,0.04410934,0.035891916
26,rabbit,2,cat,0.214359471,0.158182392,0.11409978,0.125022726,0.162028615,0.088270131,0.070212171,0.067824715
26,rabbit,3,kitten,0.238374571,0.133722077,0.0997264,0.087980924,0.194110638,0.0836564,0.07996172,0.08246727
26,rabbit,3,puppy,0.188441653,0.10768921,0.114914227,0.0926943,0.231779513,0.090385671,0.103945276,0.07015015
27,shark,0,person,0.152002087,0.070149976,0.101055001,0.120135742,0.124699867,0.09021557,0.143718403,0.198023354
27,shark,0,shark,0.241168253,0.159931693,0.101686604,0.117298918,0.126385462,0.095978011,0.079413199,0.07813786
27,shark,1,bear,0.454342264,0.091677873,0.087703974,0.089818434,0.099522547,0.076979733,0.059958642,0.039996532
27,shark,1,snake,0.182428662,0.112184305,0.123465409,0.098501867,0.151130932,0.115633827,0.134132245,0.082522754
27,shark,2,bear,0.366789355,0.112695765,0.090008809,0.097567096,0.115036339,0.084900501,0.072017197,0.060984939
27,shark,2,lion,0.239341533,0.120107401,0.129949057,0.089141243,0.194431778,0.078181094,0.078435549,0.070412345
27,shark,3,cat,0.085862976,0.082571993,0.094699309,0.140020462,0.098908904,0.125097549,0.149101762,0.223737046
27,shark,3,lion,0.308440354,0.151933238,0.101443719,0.086499973,0.091163709,0.087079689,0.082660053,0.090779266
28,sheep,0,person,0.075935552,0.08817313,0.087473093,0.084941942,0.069430635,0.127748005,0.224749683,0.24154796
28,sheep,0,sheep,0.282673267,0.247183882,0.16589491,0.134533876,0.054486981,0.037366329,0.041838722,0.036022033
28,sheep,1,lamb,0.268589556,0.204577397,0.139080422,0.122338154,0.065294009,0.056103948,0.064668051,0.079348463
28,sheep,1,mammoth,0.248999427,0.219427111,0.155804113,0.169749168,0.050653829,0.046290866,0.057814962,0.051260525
28,sheep,2,cat,0.133632437,0.250481187,0.079286241,0.126943146,0.060609674,0.119394461,0.07510037,0.154552485
28,sheep,2,rabbit,0.304799618,0.234584874,0.116957131,0.071249483,0.071527693,0.083273744,0.057115407,0.060492049
28,sheep,3,dog,0.190738159,0.194754141,0.124699099,0.147224794,0.084949999,0.098191154,0.056082745,0.103359908
28,sheep,3,ox,0.146003683,0.193592005,0.148887526,0.178154557,0.070258587,0.067420703,0.105657705,0.090025234
29,tiger,0,person,0.05006492,0.059068562,0.061411928,0.06054257,0.183645069,0.174401588,0.161712706,0.249152658
29,tiger,0,tiger,0.307428855,0.15951325,0.156403525,0.112405094,0.094851553,0.07025135,0.05331513,0.045831244
29,tiger,1,bass,0.082028774,0.130548288,0.096162259,0.148402135,0.122106917,0.124216207,0.111169175,0.185366244
29,tiger,1,zebra,0.160327523,0.156867516,0.181320158,0.271318722,0.058428761,0.057395444,0.053677495,0.060664381
29,tiger,2,lion,0.097266426,0.08242908,0.068229353,0.061388115,0.325474288,0.138097305,0.127977647,0.099137785
29,tiger,2,wolf,0.156783416,0.089487123,0.074229007,0.070072702,0.270994495,0.114661747,0.10163857,0.122132941
29,tiger,3,bear,0.101953558,0.096227138,0.073838714,0.061158619,0.25823513,0.13112086,0.158914379,0.118551602
29,tiger,3,snake,0.21848323,0.118090201,0.161420775,0.122176243,0.123969046,0.086289772,0.085929157,0.083641576
30,whale,0,person,0.146291925,0.118597001,0.129910914,0.116060792,0.144446622,0.116862177,0.102850015,0.124980555
30,whale,0,whale,0.287249836,0.149743363,0.19856241,0.115849772,0.083918135,0.058134267,0.061634986,0.044907229
30,whale,1,elephant,0.237308636,0.107005298,0.247654818,0.130945849,0.074338814,0.03910608,0.105716303,0.057924203
30,whale,1,hippo,0.187708693,0.140878985,0.24000984,0.195164598,0.048072443,0.057911944,0.070258432,0.059995064
30,whale,2,gazelle,0.159229675,0.164373172,0.111190366,0.108746889,0.157356123,0.109093944,0.101719857,0.088289975
30,whale,2,swan,0.244188509,0.135618484,0.099964982,0.08502047,0.178507389,0.089245111,0.084565858,0.082889197
30,whale,3,horse,0.230503745,0.148580128,0.165995803,0.14040193,0.087162144,0.081602918,0.078616349,0.067136982
30,whale,3,lion,0.238684955,0.165156717,0.165622453,0.123162184,0.102881333,0.065411327,0.089969111,0.049111921
31,wolf,0,person,0.172207937,0.116378649,0.084766842,0.121804129,0.14331456,0.103270674,0.096580138,0.16167707
31,wolf,0,wolf,0.267846046,0.12427729,0.108568898,0.119646182,0.113212353,0.074880311,0.076252611,0.115316309
31,wolf,1,bear,0.320407479,0.169706542,0.11854919,0.139563584,0.080038599,0.062688075,0.05088599,0.05816054
31,wolf,1,snake,0.186639104,0.133074893,0.09647347,0.196454887,0.114292263,0.090234338,0.073658543,0.109172501
31,wolf,2,cat,0.115895845,0.070606265,0.0958409,0.081601267,0.10477784,0.108776708,0.132723059,0.289778116
31,wolf,2,lion,0.219837592,0.125990298,0.129163207,0.146003151,0.102465077,0.071767795,0.099164271,0.105608609
31,wolf,3,bull,0.178539835,0.141492834,0.130683194,0.100830253,0.151191529,0.092009108,0.097340625,0.107912622
31,wolf,3,lion,0.235214519,0.175282116,0.077852069,0.146814124,0.138970979,0.072229507,0.07453221,0.079104477
32,zebra,0,person,0.062352974,0.05379645,0.082263961,0.048594638,0.16184436,0.144364087,0.229355336,0.217428193
32,zebra,0,zebra,0.260444868,0.16585618,0.25410172,0.146238909,0.050878863,0.029918772,0.050555441,0.042005246
32,zebra,1,bass,0.137318586,0.100594331,0.178609232,0.111218384,0.133215767,0.081081009,0.142328102,0.115634589
32,zebra,1,tiger,0.302979385,0.119238968,0.268984069,0.128658613,0.064921526,0.028636604,0.052270983,0.034309852
32,zebra,2,bird,0.14359793,0.106746978,0.154438224,0.111476048,0.12325463,0.102359402,0.153482617,0.10464417
32,zebra,2,peacock,0.194894652,0.177608912,0.151597291,0.1503855,0.102594605,0.07252704,0.083979611,0.06641239
32,zebra,3,cheetah,0.24161293,0.06568779,0.198703552,0.094782139,0.111011751,0.089076374,0.122354157,0.076771306
32,zebra,3,gazelle,0.126026636,0.05213235,0.139519965,0.062866143,0.16918545,0.076442181,0.277708334,0.096118941